0.000000,	0.000000,	0.000000
0.250000,	0.000000,	0.000000
0.500000,	0.000000,	0.000000
0.750000,	0.000000,	0.000000
1.000000,	0.000000,	0.000000
0.000000,	1.000000,	0.000000
0.250000,	1.000000,	0.000000
0.500000,	1.000000,	0.000000
0.750000,	1.000000,	0.000000
1.000000,	1.000000,	0.000000
0.000000,	0.250000,	0.000000
0.000000,	0.500000,	0.000000
0.000000,	0.750000,	0.000000
1.000000,	0.250000,	0.000000
1.000000,	0.500000,	0.000000
1.000000,	0.750000,	0.000000
0.607166,	0.615072,	0.000000
0.801808,	0.612655,	0.000000
0.463331,	0.246202,	0.000000
0.830411,	0.435451,	0.000000
0.436744,	0.680357,	0.000000
0.696638,	0.166343,	0.000000
0.358258,	0.434015,	0.000000
0.181664,	0.383805,	0.000000
0.232130,	0.798207,	0.000000
0.237841,	0.573311,	0.000000
0.672029,	0.798496,	0.000000
0.285133,	0.212597,	0.000000
0.631263,	0.356818,	0.000000
0.868004,	0.130700,	0.000000
0.855164,	0.862779,	0.000000
0.383672,	0.875622,	0.000000
